a = 1;
b = 2;
c = 192;
d = 45;