Vs=1;
C=0.32;
L=2;
R=1.4;